var situationAddress="situations/raphia_sit.html";
var tecAddress="charts/tec_spartan.html";
var crtAddress="charts/crt_prestags.html"; //"charts/goa crt.htm";
var crt2Address="charts/crt_prestags_plusD6.html"
var reinfAddress="charts/d20.htm" //reinforcments
var pbmAddress="charts/rallyCalculator.html" //PBM or spare
var seqOfPlayAddress="rules/new turn sequence.txt" //seq of play
var victoryAddress="situations/arbela.html" //victory, situation
var weatherAddress="charts/goa weather.htm" //weather
var supplyAddress="charts/d100.html" //supply
var rulesAddress="rules/prestags_rules.htm"
var errataAddress="rules/New prestag rules Jun09.txt" //extra rules
var manualAddress="rules/EXCLUSIVE RULES SPARTAN.htm" //battle manual
var SPAREAddress="charts/goa victory.htm" //SPARE SLOT
var boardAddress = "boards/raphia_setup.jpg";
var presetupGameData = "0, 0, 0, 0, 0, 0, 523, 153, 0, 0, 0, 0, 0, 0, 0, 572, 161, 0, 0, 0, 0, 0, 0, 0, 559, 159, 0, 0, 0, 0, 0, 0, 0, 559, 167, 0, 0, 0, 0, 0, 0, 0, 564, 165, 0, 0, 0, 0, 0, 0, 0, 564, 159, 0, 0, 0, 0, 0, 0, 0, 570, 169, 0, 0, 0, 0, 0, 0, 0, 570, 175, 0, 0, 0, 0, 0, 0, 0, 560, 172, 0, 0, 0, 0, 0, 0, 0, 535, 144, 0, 0, 0, 0, 0, 0, 0, 534, 138, 0, 0, 0, 0, 0, 0, 0, 539, 206, 0, 0, 0, 0, 0, 0, 0, 536, 232, 0, 0, 0, 0, 0, 0, 0, 544.125, 230.5, 0, 0, 0, 0, 0, 0, 0, 546, 223, 0, 0, 0, 0, 0, 0, 0, 534, 224, 0, 0, 0, 0, 0, 0, 0, 542, 221, 0, 0, 0, 0, 0, 0, 0, 575, 212, 0, 0, 0, 0, 0, 0, 0, 567, 215, 0, 0, 0, 0, 0, 0, 0, 571, 205, 0, 0, 0, 0, 0, 0, 0, 564, 210, 0, 0, 0, 0, 0, 0, 0, 563, 204, 0, 0, 0, 0, 0, 0, 0, 578, 203, 0, 0, 0, 0, 0, 0, 0, 569, 209, 0, 0, 0, 0, 0, 0, 0, 584, 37, 0, 0, 0, 0, 0, 0, 0, 577, 33, 0, 0, 0, 0, 0, 0, 0, 582, 33, 0, 0, 0, 0, 0, 0, 0, 579, 252, 0, 0, 0, 0, 0, 0, 0, 571, 261, 0, 0, 0, 0, 0, 0, 0, 581, 242, 0, 0, 0, 0, 0, 0, 0, 558, 248, 0, 0, 0, 0, 0, 0, 0, 555, 254, 0, 0, 0, 0, 0, 0, 0, 574, 247, 0, 0, 0, 0, 0, 0, 0, 566, 249, 0, 0, 0, 0, 0, 0, 0, 562, 256, 0, 0, 0, 0, 0, 0, 0, 587, 253, 0, 0, 0, 0, 0, 0, 0, 589, 247, 0, 0, 0, 0, 0, 0, 0, 579, 260, 0, 0, 0, 0, 0, 0, 0, 573, 240, 0, 0, 0, 0, 0, 0, 0, 571, 252, 0, 0, 0, 0, 0, 0, 0, 564, 243, 0, 0, 0, 0, 0, 0, 0, 503, 254, 0, 0, 0, 0, 0, 0, 0, 520, 281, 0, 0, 0, 0, 0, 0, 0, 504, 282, 0, 0, 0, 0, 0, 0, 0, 511, 285, 0, 0, 0, 0, 0, 0, 0, 516, 256, 0, 0, 0, 0, 0, 0, 0, 511, 259, 0, 0, 0, 0, 0, 0, 0, 529, 279, 0, 0, 0, 0, 0, 0, 0, 525, 281, 0, 0, 0, 0, 0, 0, 0, 523, 272, 0, 0, 0, 0, 0, 0, 0, 508, 266, 0, 0, 0, 0, 0, 0, 0, 521, 286, 0, 0, 0, 0, 0, 0, 0, 509, 291, 0, 0, 0, 0, 0, 0, 0, 513, 277, 0, 0, 0, 0, 0, 0, 0, 508, 272, 0, 0, 0, 0, 0, 0, 0, 503, 261, 0, 0, 0, 0, 0, 0, 0, 520, 265, 0, 0, 0, 0, 0, 0, 0, 528, 273, 0, 0, 0, 0, 0, 0, 0, 515, 271, 0, 0, 0, 0, 0, 0, 0, 494, 258, 0, 0, 0, 0, 0, 0, 0, 494, 286, 0, 0, 0, 0, 0, 0, 0, 492, 267, 0, 0, 0, 0, 0, 0, 0, 500, 268, 0, 0, 0, 0, 0, 0, 0, 503, 277, 0, 0, 0, 0, 0, 0, 0, 509, 251, 0, 0, 0, 0, 0, 0, 0, 493, 278, 0, 0, 0, 0, 0, 0, 0, 500, 289, 0, 0, 0, 0, 0, 0, 0, 286, 171, 0, 0, 0, 0, 0, 0, 0, 46, 284, 0, 0, 0, 0, 0, 0, 0, 42, 274, 0, 0, 0, 0, 0, 0, 0, 33, 285, 0, 0, 0, 0, 0, 0, 0, 263, 175, 0, 0, 0, 0, 0, 0, 0, 265, 164, 0, 0, 0, 0, 0, 0, 0, 256, 165, 0, 0, 0, 0, 0, 0, 0, 346, 133, 0, 0, 0, 0, 0, 0, 0, 330, 141, 0, 0, 0, 0, 0, 0, 0, 219, 141, 0, 0, 0, 0, 0, 0, 0, 69, 285, 0, 0, 0, 0, 0, 0, 0, 221, 152, 0, 0, 0, 0, 0, 0, 0, 60, 275, 0, 0, 0, 0, 0, 0, 0, 69, 276, 0, 0, 0, 0, 0, 0, 0, 61, 283, 0, 0, 0, 0, 0, 0, 0, 210, 145, 0, 0, 0, 0, 0, 0, 0, 210, 157, 0, 0, 0, 0, 0, 0, 0, 222, 160, 0, 0, 0, 0, 0, 0, 0, 218, 286, 0, 0, 0, 0, 0, 0, 0, 197, 286, 0, 0, 0, 0, 0, 0, 0, 200, 282, 0, 0, 0, 0, 0, 0, 0, 199, 274, 0, 0, 0, 0, 0, 0, 0, 189, 286, 0, 0, 0, 0, 0, 0, 0, 193, 276, 0, 0, 0, 0, 0, 0, 0, 158, 307, 0, 0, 0, 0, 0, 0, 0, 166, 303, 0, 0, 0, 0, 0, 0, 0, 167, 313, 0, 0, 0, 0, 0, 0, 0, 157, 318, 0, 0, 0, 0, 0, 0, 0, 173, 306, 0, 0, 0, 0, 0, 0, 0, 223, 223, 0, 0, 0, 0, 0, 0, 0, 228, 232, 0, 0, 0, 0, 0, 0, 0, 215, 234, 0, 0, 0, 0, 0, 0, 0, 222, 243, 0, 0, 0, 0, 0, 0, 0, 218, 223, 0, 0, 0, 0, 0, 0, 0, 206, 236, 0, 0, 0, 0, 0, 0, 0, 213, 244, 0, 0, 0, 0, 0, 0, 0, 212, 254, 0, 0, 0, 0, 0, 0, 0, 220, 249, 0, 0, 0, 0, 0, 0, 0, 226, 250, 0, 0, 0, 0, 0, 0, 0, 220, 256, 0, 0, 0, 0, 0, 0, 0, 224, 258, 0, 0, 0, 0, 0, 0, 0, 67, 149, 0, 0, 0, 0, 0, 0, 0, 59, 146, 0, 0, 0, 0, 0, 0, 0, 53, 148, 0, 0, 0, 0, 0, 0, 0, 37, 153, 0, 0, 0, 0, 0, 0, 0, 31, 151, 0, 0, 0, 0, 0, 0, 0, 26, 151, 0, 0, 0, 0, 0, 0, 0, 207, 336, 0, 0, 0, 0, 0, 0, 0, 217, 337, 0, 0, 0, 0, 0, 0, 0, 211, 344, 0, 0, 0, 0, 0, 0, 0, 219, 348, 0, 0, 0, 0, 0, 0, 0, 212, 355, 0, 0, 0, 0, 0, 0, 0, 200, 343, 0, 0, 0, 0, 0, 0, 0, 219, 372, 0, 0, 0, 0, 0, 0, 0, 198, 321, 0, 0, 0, 0, 0, 0, 0, 216, 318, 0, 0, 0, 0, 0, 0, 0, 228, 340, 0, 0, 0, 0, 0, 0, 0, 190, 348, 0, 0, 0, 0, 0, 0, 0, 223, 359, 0, 0, 0, 0, 0, 0, 0, 199, 357, 0, 0, 0, 0, 0, 0, 0, 205, 324, 0, 0, 0, 0, 0, 0, 0, 214, 327, 0, 0, 0, 0, 0, 0, 0, 197, 330, 0, 0, 0, 0, 0, 0, 0, 201, 371, 0, 0, 0, 0, 0, 0, 0, 190, 360, 0, 0, 0, 0, 0, 0, 0, 222, 325, 0, 0, 0, 0, 0, 0, 0, 191, 337, 0, 0, 0, 0, 0, 0, 0, 210, 364, 0, 0, 0, 0, 0, 0, 0, 44, 138, 0, 0, 0, 0, 0, 0, 0, 36, 134, 0, 0, 0, 0, 0, 0, 0, 25, 135, 0, 0, 0, 0, 0, 0, 0, 135, 15, 0, 0, 0, 0, 0, 0, 0, 118, 15, 0, 0, 0, 0, 0, 0, 0, 104, 34, 0, 0, 0, 0, 0, 0, 0, 104, 21, 0, 0, 0, 0, 0, 0, 0, 115, 51, 0, 0, 0, 0, 0, 0, 0, 120, 20, 0, 0, 0, 0, 0, 0, 0, 135, 64, 0, 0, 0, 0, 0, 0, 0, 134, 22, 0, 0, 0, 0, 0, 0, 0, 254, 25, 0, 0, 0, 0, 0, 0, 0, 263, 15, 0, 0, 0, 0, 0, 0, 0, 267, 34, 0, 0, 0, 0, 0, 0, 0, 258, 35, 0, 0, 0, 0, 0, 0, 0, 259, 40, 0, 0, 0, 0, 0, 0, 0, 244, 29, 0, 0, 0, 0, 0, 0, 0, 246, 22, 0, 0, 0, 0, 0, 0, 0, 271, 20, 0, 0, 0, 0, 0, 0, 0, 283, 18, 0, 0, 0, 0, 0, 0, 0, 277, 42, 0, 0, 0, 0, 0, 0, 0, 253, 35, 0, 0, 0, 0, 0, 0, 0, 279, 31, 0, 0, 0, 0, 0, 0, 0, 267, 66, 0, 0, 0, 0, 0, 0, 0, 293, 75, 0, 0, 0, 0, 0, 0, 0, 254, 82, 0, 0, 0, 0, 0, 0, 0, 253, 73, 0, 0, 0, 0, 0, 0, 0, 269, 79, 0, 0, 0, 0, 0, 0, 0, 280, 77, 0, 0, 0, 0, 0, 0, 0, 278, 66, 0, 0, 0, 0, 0, 0, 0, 258, 69, 0, 0, 0, 0, 0, 0, 0, 264, 67, 0, 0, 0, 0, 0, 0, 0, 284, 62, 0, 0, 0, 0, 0, 0, 0, 292, 65, 0, 0, 0, 0, 0, 0, 0, 259, 80, 0, 0, 0, 0, 0, 0, 0, 35, 78, 0, 0, 0, 0, 0, 0, 0, 43, 27, 0, 15, 0, 1, 8,A,0,charts/goa victory.htm";
var setupGameData = "0, 0, 0, 0, 0, 0, 447, 434, 0, 0, 0, 0, 0, 0, 0, 449, 427, 0, 0, 0, 0, 0, 0, 0, 431, 445, 0, 0, 0, 0, 0, 0, 0, 423, 442, 0, 0, 0, 0, 0, 0, 0, 413, 455, 0, 0, 0, 0, 0, 0, 0, 406, 451, 0, 0, 0, 0, 0, 0, 0, 393, 466, 0, 0, 0, 0, 0, 0, 0, 386, 465, 0, 0, 0, 0, 0, 0, 0, 372, 477, 0, 0, 0, 0, 0, 0, 0, 504, 399, 0, 0, 0, 0, 0, 0, 0, 509, 400, 0, 0, 0, 0, 0, 0, 0, 492, 411, 0, 0, 0, 0, 0, 0, 0, 486, 408, 0, 0, 0, 0, 0, 0, 0, 470, 421, 0, 0, 0, 0, 0, 0, 0, 464, 422, 0, 0, 0, 0, 0, 0, 0, 366, 477, 0, 0, 0, 0, 0, 0, 0, 352, 490, 0, 0, 0, 0, 0, 0, 0, 350, 485, 0, 0, 0, 0, 0, 0, 0, 331, 505, 0, 0, 0, 0, 0, 0, 0, 326, 497, 0, 0, 0, 0, 0, 0, 0, 312, 510, 0, 0, 0, 0, 0, 0, 0, 307, 512, 0, 0, 0, 0, 0, 0, 0, 296, 522, 0, 0, 0, 0, 0, 0, 0, 289, 523, 0, 0, 0, 0, 0, 0, 0, 451, 411, 0, 0, 0, 0, 0, 0, 0, 446, 408, 0, 0, 0, 0, 0, 0, 0, 432, 423, 0, 0, 0, 0, 0, 0, 0, 427, 418, 0, 0, 0, 0, 0, 0, 0, 407, 430, 0, 0, 0, 0, 0, 0, 0, 414, 431, 0, 0, 0, 0, 0, 0, 0, 386, 441, 0, 0, 0, 0, 0, 0, 0, 390, 443, 0, 0, 0, 0, 0, 0, 0, 365, 454, 0, 0, 0, 0, 0, 0, 0, 372, 455, 0, 0, 0, 0, 0, 0, 0, 352, 467, 0, 0, 0, 0, 0, 0, 0, 346, 465, 0, 0, 0, 0, 0, 0, 0, 330, 454, 0, 0, 0, 0, 0, 0, 0, 526, 362, 0, 0, 0, 0, 0, 0, 0, 530, 367, 0, 0, 0, 0, 0, 0, 0, 528, 383, 0, 0, 0, 0, 0, 0, 0, 530, 390, 0, 0, 0, 0, 0, 0, 0, 272, 486, 0, 0, 0, 0, 0, 0, 0, 488, 385, 0, 0, 0, 0, 0, 0, 0, 490, 390, 0, 0, 0, 0, 0, 0, 0, 313, 493, 0, 0, 0, 0, 0, 0, 0, 307, 488, 0, 0, 0, 0, 0, 0, 0, 327, 475, 0, 0, 0, 0, 0, 0, 0, 333, 477, 0, 0, 0, 0, 0, 0, 0, 465, 373, 0, 0, 0, 0, 0, 0, 0, 470, 376, 0, 0, 0, 0, 0, 0, 0, 470, 398, 0, 0, 0, 0, 0, 0, 0, 507, 373, 0, 0, 0, 0, 0, 0, 0, 509, 377, 0, 0, 0, 0, 0, 0, 0, 270, 491, 0, 0, 0, 0, 0, 0, 0, 297, 500, 0, 0, 0, 0, 0, 0, 0, 287, 500, 0, 0, 0, 0, 0, 0, 0, 293, 479, 0, 0, 0, 0, 0, 0, 0, 287, 477, 0, 0, 0, 0, 0, 0, 0, 387, 422, 0, 0, 0, 0, 0, 0, 0, 392, 419, 0, 0, 0, 0, 0, 0, 0, 433, 401, 0, 0, 0, 0, 0, 0, 0, 427, 398, 0, 0, 0, 0, 0, 0, 0, 373, 435, 0, 0, 0, 0, 0, 0, 0, 348, 445, 0, 0, 0, 0, 0, 0, 0, 351, 442, 0, 0, 0, 0, 0, 0, 0, 367, 430, 0, 0, 0, 0, 0, 0, 0, 385, 444, 0, 0, 0, 0, 0, 0, 0, 469, 371, 0, 0, 0, 0, 0, 0, 0, 290, 494, 0, 0, 0, 0, 0, 0, 0, 228, 144, 0, 0, 0, 0, 0, 0, 0, 228, 150, 0, 0, 0, 0, 0, 0, 0, 235, 144, 0, 0, 0, 0, 0, 0, 0, 234, 153, 0, 0, 0, 0, 0, 0, 0, 229, 219, 0, 0, 0, 0, 0, 0, 0, 234, 217, 0, 0, 0, 0, 0, 0, 0, 229, 211, 0, 0, 0, 0, 0, 0, 0, 235, 213, 0, 0, 0, 0, 0, 0, 0, 209, 203, 0, 0, 0, 0, 0, 0, 0, 213, 207, 0, 0, 0, 0, 0, 0, 0, 189, 212, 0, 0, 0, 0, 0, 0, 0, 193, 218, 0, 0, 0, 0, 0, 0, 0, 215, 202, 0, 0, 0, 0, 0, 0, 0, 211, 197, 0, 0, 0, 0, 0, 0, 0, 196, 214, 0, 0, 0, 0, 0, 0, 0, 192, 210, 0, 0, 0, 0, 0, 0, 0, 294, 206, 0, 0, 0, 0, 0, 0, 0, 288, 203, 0, 0, 0, 0, 0, 0, 0, 149, 211, 0, 0, 0, 0, 0, 0, 0, 155, 211, 0, 0, 0, 0, 0, 0, 0, 151, 190, 0, 0, 0, 0, 0, 0, 0, 155, 196, 0, 0, 0, 0, 0, 0, 0, 274, 196, 0, 0, 0, 0, 0, 0, 0, 276, 190, 0, 0, 0, 0, 0, 0, 0, 269, 196, 0, 0, 0, 0, 0, 0, 0, 268, 188, 0, 0, 0, 0, 0, 0, 0, 294, 179, 0, 0, 0, 0, 0, 0, 0, 289, 183, 0, 0, 0, 0, 0, 0, 0, 228, 121, 0, 0, 0, 0, 0, 0, 0, 233, 125, 0, 0, 0, 0, 0, 0, 0, 209, 131, 0, 0, 0, 0, 0, 0, 0, 208, 140, 0, 0, 0, 0, 0, 0, 0, 215, 133, 0, 0, 0, 0, 0, 0, 0, 215, 138, 0, 0, 0, 0, 0, 0, 0, 294, 162, 0, 0, 0, 0, 0, 0, 0, 290, 157, 0, 0, 0, 0, 0, 0, 0, 254, 206, 0, 0, 0, 0, 0, 0, 0, 248, 207, 0, 0, 0, 0, 0, 0, 0, 168, 223, 0, 0, 0, 0, 0, 0, 0, 174, 221, 0, 0, 0, 0, 0, 0, 0, 174, 230, 0, 0, 0, 0, 0, 0, 0, 168, 229, 0, 0, 0, 0, 0, 0, 0, 253, 229, 0, 0, 0, 0, 0, 0, 0, 250, 223, 0, 0, 0, 0, 0, 0, 0, 208, 224, 0, 0, 0, 0, 0, 0, 0, 214, 227, 0, 0, 0, 0, 0, 0, 0, 149, 218, 0, 0, 0, 0, 0, 0, 0, 154, 218, 0, 0, 0, 0, 0, 0, 0, 130, 202, 0, 0, 0, 0, 0, 0, 0, 134, 206, 0, 0, 0, 0, 0, 0, 0, 177, 227, 0, 0, 0, 0, 0, 0, 0, 250, 200, 0, 0, 0, 0, 0, 0, 0, 237, 148, 0, 0, 0, 0, 0, 0, 0, 595, 243, 0, 15, 0, 1, 8,A,0,situations/arbela.html";
var unitLocation = "units/";//"units/"; "units3/";
var unitExtension = ".jpg";//".jpg"; ".png";
//var boardSize = 2;//start size of board 1=smallest; 8=largest

var deadPosA_X0 = 4000;
var deadPosA_delX = 400;
var deadPosA_Y0 = 1500;
var deadPosA_delY = 500;
var deadPosB_X0 = 100;
var deadPosB_delX = 400;
var deadPosB_Y0 = 1500;
var deadPosB_delY = 500;

var swidth=7400; //width of biggest board
var sheight=6560; //height of biggest board
var placePieceShift=700;//the right shift to the random placement of pieces

//var imgStart=10; //index number of first piece, add this to the piece number given on status bar
var noOfPieces=98 //no of pieces in game
var unitTotal=23; //number of types of pieces
var lastIndex=98; //index number of last piece - turn now
var gerNumber=51; //the index number of the first side B piece
var neutNumber=98; //index number of first neutral piece


var Abase = "mint/"
var Bbase = "purple/"
var Apanic=65;
var Bpanic=59;
var nameA="Seleucids";
var nameB="Ptolemaics";

//unit sizes - 88 fits 3 to a hex, so hex=264, so if stackin=4 size = 264/4, if stacking=1 size =264 etc.
var sunit=100; //unit width/height
var sunit2=100;
var sunitB=71; //unit width/height
var sunitB2=71;

var noOfItems=5; //no of items of data for each unit type
var itemsPerUnit = noOfItems;
//address (without the jpg bit...), mouse text, number of pieces,  type, points value,

//c=cavalry, a=artillery, e=engine, n=infantry, x=neutral, l=leader

var unitsA=[

"mint/pp.jpg", "Macedonian Phalangites af:6 mf:4 vp:", "3",  "10", "n",
"mint/ps.jpg", "PS af:4 mf:3 vp:", "2",  "4", "n",
"mint/lt.jpg", "LT af:[4] mf:5 vp:", "2", "6", "n",
"mint/bw.jpg", "Persian archers mf:5 fire:2/2 vp:", "2", "6", "f",
"mint/sk.jpg", "Agriania slingers af:[2] mf:5 fire:2/1 vp:", "3",  "7", "f",
"mint/lc.jpg", "LC af:1 mf:9 vp:", "1",  "2", "c",
"mint/mc.jpg", "MC af:[3] mf:9 vp:", "2",  "4", "c",
"mint/oc.jpg", "OC af:2 mf:9 fire:1/1 vp:", "2",  "4", "f",
"mint/hc.jpg", "HC af:[4] mf:7 vp:", "2",  "2", "c",
"mint/el.jpg", "Indan war elephants af:[8] mf:6 vp:", "4",  "2", "e",
"mint/2l.jpg", "2L combat:+6 radius:2 mf:9 vp", "3", "1", "l",
"mint/3l.jpg", "3L combat:+3 radius:1 mf:9 vp", "2", "2", "l",

"purple/pp.jpg", "PP af:6 mf:4 vp:", "3",  "15", "n",
"purple/ps.jpg", "PS af:4 mf:3 vp:", "2",  "10", "n",
"purple/bi.jpg", "BI af:[6] mf:5 vp:", "3",  "4", "n",
"purple/sk.jpg", "SK af:[2] mf:5 fire:2/1 vp:", "3",  "6", "f",
"purple/lc.jpg", "LC af:1 mf:9 vp:", "1",  "4", "c",
"purple/mc.jpg", "MC af:[3] mf:9 vp:", "2",  "2", "c",
"purple/el.jpg", "EL af:[8] mf:6 vp:", "4",  "3", "e",
"purple/2l.jpg", "2L combat:+6 radius:2 mf:9 vp", "3", "1", "l",
"purple/3l.jpg", "3L combat:+3 radius:1 mf:9 vp", "2", "2", "l",

"neut/battle.jpg", "BATTLE!", "","0", "x",
"neut/turn1.jpg", "TURN NOW", "", "1", "x",
];

var unitNamesA=[];


function normBoard()
{
	 document.getElementById("board").setAttribute("src", "boards/raphia_size8.jpg");
}

function setupBoard()
{
	document.getElementById("board").setAttribute("src", "boards/raphia_setup.jpg");
}

function noHexBoard()
{
	document.getElementById("board").setAttribute("src", "boards/raphia_size8.jpg");
}
